-0.09091	-0.00428
-0.08949	-0.00428
-0.08807	-0.00427
-0.08665	-0.00427
-0.08524	-0.00427
-0.08382	-0.00427
-0.08240	-0.00427
-0.08098	-0.00427
-0.07956	-0.00427
-0.07814	-0.00427
-0.07672	-0.00427
-0.07530	-0.00427
-0.07389	-0.00426
-0.07247	-0.00426
-0.07105	-0.00426
-0.06963	-0.00426
-0.06821	-0.00426
-0.06679	-0.00426
-0.06537	-0.00426
-0.06395	-0.00426
-0.06254	-0.00425
-0.06112	-0.00425
-0.05970	-0.00425
-0.05828	-0.00425
-0.05686	-0.00425
-0.05544	-0.00425
-0.05402	-0.00425
-0.05260	-0.00424
-0.05119	-0.00424
-0.04977	-0.00424
-0.04835	-0.00424
-0.04693	-0.00424
-0.04551	-0.00424
-0.04409	-0.00423
-0.04267	-0.00423
-0.04125	-0.00423
-0.03984	-0.00423
-0.03842	-0.00423
-0.03700	-0.00423
-0.03558	-0.00422
-0.03416	-0.00422
-0.03274	-0.00422
-0.03132	-0.00422
-0.02990	-0.00422
-0.02849	-0.00421
-0.02707	-0.00421
-0.02565	-0.00421
-0.02423	-0.00421
-0.02281	-0.00420
-0.02139	-0.00420
-0.01997	-0.00420
-0.01856	-0.00420
-0.01714	-0.00419
-0.01572	-0.00419
-0.01430	-0.00419
-0.01288	-0.00419
-0.01146	-0.00418
-0.01004	-0.00418
-0.00862	-0.00418
-0.00721	-0.00418
-0.00579	-0.00417
-0.00437	-0.00417
-0.00295	-0.00417
-0.00153	-0.00416
-0.00011	-0.00416
0.00131	-0.00416
0.00273	-0.00415
0.00414	-0.00415
0.00556	-0.00415
0.00698	-0.00414
0.00840	-0.00414
0.00982	-0.00414
0.01124	-0.00413
0.01266	-0.00413
0.01408	-0.00413
0.01549	-0.00412
0.01691	-0.00412
0.01833	-0.00411
0.01975	-0.00411
0.02117	-0.00411
0.02259	-0.00410
0.02401	-0.00410
0.02543	-0.00409
0.02684	-0.00409
0.02826	-0.00408
0.02968	-0.00408
0.03110	-0.00407
0.03252	-0.00407
0.03394	-0.00406
0.03536	-0.00406
0.03677	-0.00405
0.03819	-0.00405
0.03961	-0.00404
0.04103	-0.00404
0.04245	-0.00403
0.04387	-0.00402
0.04529	-0.00402
0.04671	-0.00401
0.04812	-0.00401
0.04954	-0.00400
0.05096	-0.00399
0.05238	-0.00399
0.05380	-0.00398
0.05522	-0.00397
0.05664	-0.00397
0.05806	-0.00396
0.05947	-0.00395
0.06089	-0.00394
0.06231	-0.00394
0.06373	-0.00393
0.06515	-0.00392
0.06657	-0.00391
0.06799	-0.00390
0.06941	-0.00390
0.07082	-0.00389
0.07224	-0.00388
0.07366	-0.00387
0.07508	-0.00386
0.07650	-0.00385
0.07792	-0.00384
0.07934	-0.00383
0.08076	-0.00382
0.08217	-0.00381
0.08359	-0.00380
0.08501	-0.00379
0.08643	-0.00378
0.08785	-0.00377
0.08927	-0.00376
0.09069	-0.00375
0.09211	-0.00374
0.09352	-0.00372
0.09494	-0.00371
0.09636	-0.00370
0.09778	-0.00369
0.09920	-0.00368
0.10062	-0.00366
0.10204	-0.00365
0.10345	-0.00364
0.10487	-0.00362
0.10629	-0.00361
0.10771	-0.00359
0.10913	-0.00358
0.11055	-0.00356
0.11197	-0.00355
0.11339	-0.00353
0.11480	-0.00352
0.11622	-0.00350
0.11764	-0.00349
0.11906	-0.00347
0.12048	-0.00345
0.12190	-0.00343
0.12332	-0.00342
0.12474	-0.00340
0.12615	-0.00338
0.12757	-0.00336
0.12899	-0.00334
0.13041	-0.00332
0.13183	-0.00330
0.13325	-0.00328
0.13467	-0.00326
0.13609	-0.00324
0.13750	-0.00322
0.13892	-0.00320
0.14034	-0.00318
0.14176	-0.00315
0.14318	-0.00313
0.14460	-0.00311
0.14602	-0.00308
0.14744	-0.00306
0.14885	-0.00303
0.15027	-0.00301
0.15169	-0.00298
0.15311	-0.00295
0.15453	-0.00293
0.15595	-0.00290
0.15737	-0.00287
0.15879	-0.00284
0.16020	-0.00281
0.16162	-0.00278
0.16304	-0.00275
0.16446	-0.00272
0.16588	-0.00269
0.16730	-0.00266
0.16872	-0.00263
0.17013	-0.00259
0.17155	-0.00256
0.17297	-0.00253
0.17439	-0.00249
0.17581	-0.00246
0.17723	-0.00242
0.17865	-0.00238
0.18007	-0.00235
0.18148	-0.00231
0.18290	-0.00227
0.18432	-0.00223
0.18574	-0.00219
0.18716	-0.00215
0.18858	-0.00210
0.19000	-0.00206
0.19142	-0.00202
0.19283	-0.00197
0.19425	-0.00193
0.19567	-0.00188
0.19709	-0.00184
0.19851	-0.00179
0.19993	-0.00174
0.20135	-0.00169
0.20277	-0.00164
0.20418	-0.00159
0.20560	-0.00154
0.20702	-0.00149
0.20844	-0.00143
0.20986	-0.00138
0.21128	-0.00132
0.21270	-0.00127
0.21412	-0.00121
0.21553	-0.00115
0.21695	-0.00109
0.21837	-0.00103
0.21979	-0.00097
0.22121	-0.00091
0.22263	-0.00084
0.22405	-0.00078
0.22546	-0.00071
0.22688	-0.00065
0.22830	-0.00058
0.22972	-0.00051
0.23114	-0.00044
0.23256	-0.00037
0.23398	-0.00030
0.23540	-0.00022
0.23681	-0.00015
0.23823	-0.00007
0.23965	0.00001
0.24107	0.00008
0.24249	0.00016
0.24391	0.00024
0.24533	0.00033
0.24675	0.00041
0.24816	0.00049
0.24958	0.00058
0.25100	0.00067
0.25242	0.00076
0.25384	0.00085
0.25526	0.00094
0.25668	0.00103
0.25810	0.00112
0.25951	0.00122
0.26093	0.00132
0.26235	0.00142
0.26377	0.00151
0.26519	0.00162
0.26661	0.00172
0.26803	0.00182
0.26945	0.00193
0.27086	0.00204
0.27228	0.00214
0.27370	0.00226
0.27512	0.00237
0.27654	0.00248
0.27796	0.00260
0.27938	0.00271
0.28080	0.00283
0.28221	0.00295
0.28363	0.00307
0.28505	0.00319
0.28647	0.00332
0.28789	0.00344
0.28931	0.00357
0.29073	0.00370
0.29214	0.00383
0.29356	0.00397
0.29498	0.00410
0.29640	0.00424
0.29782	0.00438
0.29924	0.00452
0.30066	0.00466
0.30208	0.00480
0.30349	0.00495
0.30491	0.00509
0.30633	0.00524
0.30775	0.00539
0.30917	0.00554
0.31059	0.00570
0.31201	0.00585
0.31343	0.00601
0.31484	0.00617
0.31626	0.00633
0.31768	0.00649
0.31910	0.00666
0.32052	0.00683
0.32194	0.00699
0.32336	0.00716
0.32478	0.00734
0.32619	0.00751
0.32761	0.00769
0.32903	0.00786
0.33045	0.00804
0.33187	0.00823
0.33329	0.00841
0.33471	0.00859
0.33613	0.00878
0.33754	0.00897
0.33896	0.00916
0.34038	0.00935
0.34180	0.00955
0.34322	0.00975
0.34464	0.00994
0.34606	0.01015
0.34748	0.01035
0.34889	0.01055
0.35031	0.01076
0.35173	0.01097
0.35315	0.01118
0.35457	0.01139
0.35599	0.01160
0.35741	0.01182
0.35882	0.01204
0.36024	0.01225
0.36166	0.01248
0.36308	0.01270
0.36450	0.01292
0.36592	0.01315
0.36734	0.01338
0.36876	0.01361
0.37017	0.01384
0.37159	0.01408
0.37301	0.01432
0.37443	0.01455
0.37585	0.01479
0.37727	0.01504
0.37869	0.01528
0.38011	0.01553
0.38152	0.01577
0.38294	0.01602
0.38436	0.01627
0.38578	0.01653
0.38720	0.01678
0.38862	0.01704
0.39004	0.01730
0.39146	0.01756
0.39287	0.01782
0.39429	0.01808
0.39571	0.01835
0.39713	0.01862
0.39855	0.01889
0.39997	0.01916
0.40139	0.01943
0.40281	0.01971
0.40422	0.01998
0.40564	0.02026
0.40706	0.02054
0.40848	0.02082
0.40990	0.02111
0.41132	0.02139
0.41274	0.02168
0.41415	0.02197
0.41557	0.02226
0.41699	0.02255
0.41841	0.02285
0.41983	0.02314
0.42125	0.02344
0.42267	0.02374
0.42409	0.02404
0.42550	0.02434
0.42692	0.02464
0.42834	0.02495
0.42976	0.02526
0.43118	0.02557
0.43260	0.02588
0.43402	0.02619
0.43544	0.02650
0.43685	0.02682
0.43827	0.02713
0.43969	0.02745
0.44111	0.02777
0.44253	0.02809
0.44395	0.02842
0.44537	0.02874
0.44679	0.02907
0.44820	0.02939
0.44962	0.02972
0.45104	0.03005
0.45246	0.03039
0.45388	0.03072
0.45530	0.03105
0.45672	0.03139
0.45814	0.03173
0.45955	0.03207
0.46097	0.03241
0.46239	0.03275
0.46381	0.03310
0.46523	0.03344
0.46665	0.03379
0.46807	0.03414
0.46949	0.03448
0.47090	0.03484
0.47232	0.03519
0.47374	0.03554
0.47516	0.03590
